ID;R.A.;Decl.;mF555W;err_mF555W;mF814W;err_mF814W;P;err_P;Phase;err_Phase;χ2/ν
1;42:43.8;−00:01:27.473;25.72;0.07;26.83;0.04;13.70;0.27;3.13;0.94;1.48
2;42:41.3;−00:01:26.882;25.02;0.06;26.15;0.03;13.89;0.11;11.13;0.35;1.26
3;42:46.4;−00:01:18.621;25.88;0.09;26.57;0.07;15.71;0.39;11.02;1.07;5.22
4;42:40.6;−00:01:36.045;25.61;0.07;27.47;0.06;16.34;0.39;9.14;1.03;1.04
5;42:41.2;−00:01:22.600;25.07;0.04;26.28;0.03;17.39;0.24;4.06;0.45;0.55
6;42:41.2;−00:00:01.335;24.86;0.07;25.93;0.04;18.32;0.50;13.31;0.58;3.02
7;42:42.9;−00:00:24.682;24.98;0.06;26.19;0.05;18.92;0.43;14.59;0.79;2.25
8;42:38.7;−00:01:10.896;24.47;0.05;25.62;0.05;19.29;0.43;14.25;0.84;1.5
9;42:38.9;−00:00:03.623;24.51;0.06;25.67;0.04;19.43;0.35;7.77;0.93;4.41
10;42:41.0;−00:01:48.774;25.55;0.06;26.69;0.04;19.73;0.34;12.57;0.43;1.34
11;42:44.1;−00:01:23.543;25.08;0.10;26.17;0.05;20.00;0.28;10.42;0.53;6.73
12;42:45.5;−00:00:15.180;25.41;0.05;26.08;0.05;23.12;0.44;11.02;1.03;2.7
13;42:43.5;−00:01:32.601;25.81;0.06;27.68;0.05;24.41;0.73;8.83;1.19;0.74
14;42:41.5;−00:01:34.264;24.26;0.06;26.20;0.05;26.56;0.80;7.22;1.35;2.1
15;42:44.5;−00:00:38.679;25.02;0.04;26.40;0.03;27.51;0.64;22.38;0.51;1.1
16;42:43.4;−00:00:22.337;24.53;0.05;25.89;0.04;30.30;0.48;21.65;0.34;3.29
17;42:41.2;−00:00:01.252;24.28;0.05;25.53;0.04;30.66;0.56;21.67;0.46;2.33
18;42:43.0;−00:00:39.990;24.36;0.06;25.69;0.04;31.70;0.93;27.84;0.87;2.68
19;42:39.1;−00:01:09.252;24.05;0.05;25.50;0.04;32.95;1.18;12.39;1.11;2.43
20;42:39.5;−00:01:05.191;24.06;0.07;25.18;0.03;33.02;0.52;26.37;0.39;3.5
21;42:40.1;−00:00:11.071;24.11;0.06;25.61;0.04;33.16;1.19;11.82;1.16;4.03
22;42:41.5;−00:01:24.792;24.02;0.07;25.29;0.04;33.40;1.15;28.13;0.91;4.28
23;42:43.1;−00:00:39.695;24.09;0.06;25.44;0.03;33.99;1.10;10.52;1.08;3
24;42:43.2;−00:00:42.286;24.76;0.10;26.13;0.07;34.13;0.56;31.89;0.47;3.85
25;42:40.6;−00:01:44.783;24.13;0.06;25.66;0.04;34.95;0.46;32.29;0.31;3.88
26;42:38.9;−00:01:25.492;24.62;0.06;26.07;0.05;35.53;1.56;10.53;0.66;2.62
27;42:43.3;−00:00:28.701;24.09;0.04;25.22;0.03;37.02;0.70;27.51;0.63;3.37
28;42:38.7;−00:01:03.271;23.91;0.05;25.40;0.04;38.91;1.02;33.07;0.39;1.97
29;42:38.0;−00:00:04.772;24.08;0.06;25.45;0.05;39.26;1.62;15.09;1.10;7.77
30;42:38.8;−00:00:40.367;24.02;0.06;25.70;0.04;39.95;1.58;11.79;1.65;2.03
31;42:36.9;−00:00:38.555;25.39;0.07;27.35;0.07;40.86;1.52;2.11;1.41;1.76
32;42:40.9;−00:01:11.386;23.79;0.06;25.77;0.06;46.39;1.93;25.45;1.17;4.12
33;42:41.4;−00:01:27.152;23.16;0.03;24.61;0.02;47.58;1.42;30.73;0.29;1.35
34;42:41.1;−00:01:06.934;23.75;0.05;25.50;0.04;49.00;1.19;1.95;0.75;2
35;42:43.6;−00:00:26.371;23.63;0.02;24.68;0.02;51.98;1.31;32.00;0.27;1.21
36;42:38.5;−00:01:07.884;23.38;0.06;24.90;0.05;53.40;2.80;20.46;1.24;12.05
37;42:41.4;−00:00:09.759;24.02;0.05;25.64;0.03;56.23;2.46;22.46;0.84;2.58
38;42:43.5;−00:00:22.368;23.71;0.04;25.12;0.03;59.10;3.67;49.50;1.86;3.21
39;42:41.1;−00:01:23.397;23.25;0.04;25.15;0.04;60.72;4.38;16.88;1.79;1.93
40;42:39.5;−00:01:38.151;23.86;0.04;25.64;0.03;62.56;1.74;61.65;1.09;2.43
41;42:41.1;−00:00:01.724;23.08;0.03;24.53;0.02;63.69;2.38;7.99;0.97;2.86
42;42:43.6;−00:00:50.941;23.48;0.03;25.02;0.02;64.14;1.14;2.91;0.85;2.61
43;42:39.0;−00:00:44.256;22.87;0.03;24.33;0.02;66.85;2.34;34.72;0.66;1.21
44;42:43.0;−00:00:37.908;23.82;0.04;25.28;0.03;68.69;5.16;49.04;1.67;1.61
45;42:41.0;−00:00:09.255;24.72;0.04;25.98;0.02;72.48;3.24;70.62;1.63;0.68
46;42:41.9;−00:01:32.254;24.05;0.04;25.70;0.04;73.83;8.31;60.02;2.03;1.95
47;42:39.7;−00:01:04.311;22.52;0.03;23.94;0.02;75.04;4.07;68.65;1.18;1.44
48;42:41.2;−00:01:32.948;24.51;0.05;26.00;0.04;79.11;13.74;55.39;2.90;1.47
49;42:38.7;−00:01:28.973;22.76;0.03;24.67;0.02;85.70;4.06;82.38;3.01;1.95
50;42:40.2;−00:01:26.054;24.19;0.04;25.15;0.02;90.31;5.67;26.20;1.34;1.01
51;42:42.4;−00:01:06.240;23.30;0.03;24.94;0.02;91.64;3.98;49.90;1.29;1.21
